(kicad_pcb (version 20171130) (host pcbnew 5.1.5-52549c5~84~ubuntu18.04.1)

  (general
    (thickness 1.6)
    (drawings 12)
    (tracks 711)
    (zones 0)
    (modules 129)
    (nets 88)
  )

  (page A4)
  (layers
    (0 F.Cu signal)
    (31 B.Cu signal)
    (36 B.SilkS user)
    (37 F.SilkS user)
    (38 B.Mask user)
    (39 F.Mask user)
    (40 Dwgs.User user)
    (41 Cmts.User user)
    (42 Eco1.User user)
    (43 Eco2.User user)
    (44 Edge.Cuts user)
    (45 Margin user)
    (46 B.CrtYd user)
    (47 F.CrtYd user)
    (48 B.Fab user)
    (49 F.Fab user)
  )

  (setup
    (last_trace_width 0.5)
    (user_trace_width 0.25)
    (user_trace_width 0.3)
    (user_trace_width 0.5)
    (user_trace_width 0.7)
    (user_trace_width 1)
    (user_trace_width 5)
    (trace_clearance 0.1)
    (zone_clearance 0.508)
    (zone_45_only no)
    (trace_min 0.25)
    (via_size 0.8)
    (via_drill 0.4)
    (via_min_size 0.4)
    (via_min_drill 0.3)
    (uvia_size 0.3)
    (uvia_drill 0.1)
    (uvias_allowed no)
    (uvia_min_size 0.2)
    (uvia_min_drill 0.1)
    (edge_width 0.05)
    (segment_width 0.2)
    (pcb_text_width 0.3)
    (pcb_text_size 1.5 1.5)
    (mod_edge_width 0.1)
    (mod_text_size 0.5 0.5)
    (mod_text_width 0.1)
    (pad_size 1.524 1.524)
    (pad_drill 0.762)
    (pad_to_mask_clearance 0.051)
    (solder_mask_min_width 0.25)
    (aux_axis_origin 0 0)
    (visible_elements FFFFFF7F)
    (pcbplotparams
      (layerselection 0x010fc_ffffffff)
      (usegerberextensions false)
      (usegerberattributes false)
      (usegerberadvancedattributes false)
      (creategerberjobfile false)
      (excludeedgelayer true)
      (linewidth 0.100000)
      (plotframeref false)
      (viasonmask false)
      (mode 1)
      (useauxorigin false)
      (hpglpennumber 1)
      (hpglpenspeed 20)
      (hpglpendiameter 15.000000)
      (psnegative false)
      (psa4output false)
      (plotreference true)
      (plotvalue true)
      (plotinvisibletext false)
      (padsonsilk false)
      (subtractmaskfromsilk false)
      (outputformat 1)
      (mirror false)
      (drillshape 1)
      (scaleselection 1)
      (outputdirectory ""))
  )

  (net 0 "")
  (net 1 /bq/VC9)
  (net 2 /bq/VC10)
  (net 3 /bq/VC8)
  (net 4 /bq/VC7)
  (net 5 /bq/VC6)
  (net 6 /bq/VC5X)
  (net 7 /bq/VC4)
  (net 8 /bq/VC5)
  (net 9 /bq/VC3)
  (net 10 /bq/VC2)
  (net 11 /bq/VC1)
  (net 12 /bq/VC0)
  (net 13 GND)
  (net 14 /bq/VC5B)
  (net 15 "Net-(C13-Pad1)")
  (net 16 "Net-(C14-Pad1)")
  (net 17 /bq/TS1)
  (net 18 /bq/TS2)
  (net 19 "Net-(C18-Pad1)")
  (net 20 "Net-(C18-Pad2)")
  (net 21 /bq/~ALERT)
  (net 22 "Net-(C20-Pad1)")
  (net 23 "Net-(C21-Pad1)")
  (net 24 /bq/PACK-)
  (net 25 /bq/REGOUT)
  (net 26 "Net-(C24-Pad1)")
  (net 27 "Net-(C26-Pad1)")
  (net 28 "Net-(C27-Pad1)")
  (net 29 /cpu/~NRST)
  (net 30 /ISOL_GND)
  (net 31 /ISOL_VCC)
  (net 32 "Net-(D1-Pad1)")
  (net 33 /input/B9)
  (net 34 /input/B8)
  (net 35 "Net-(D2-Pad1)")
  (net 36 "Net-(D3-Pad1)")
  (net 37 /input/B7)
  (net 38 "Net-(D4-Pad1)")
  (net 39 /input/B6)
  (net 40 "Net-(D5-Pad1)")
  (net 41 /input/B5)
  (net 42 "Net-(D6-Pad1)")
  (net 43 /input/B4)
  (net 44 /input/B3)
  (net 45 "Net-(D7-Pad1)")
  (net 46 /input/B2)
  (net 47 "Net-(D8-Pad1)")
  (net 48 /input/B1)
  (net 49 "Net-(D9-Pad1)")
  (net 50 /input/B0)
  (net 51 "Net-(D10-Pad1)")
  (net 52 "Net-(D13-Pad1)")
  (net 53 "Net-(D13-Pad2)")
  (net 54 "Net-(D15-Pad1)")
  (net 55 "Net-(D16-Pad2)")
  (net 56 "Net-(D17-Pad2)")
  (net 57 "Net-(D18-Pad2)")
  (net 58 /input/B10)
  (net 59 /bq/BAT_NEG)
  (net 60 /ISOL_TX)
  (net 61 /ISOL_RX)
  (net 62 /cpu/SWDIO)
  (net 63 /cpu/SWCLK)
  (net 64 /cpu/BOOT0)
  (net 65 /cpu/UART2_TX)
  (net 66 /cpu/UART2_RX)
  (net 67 "Net-(Q1-Pad3)")
  (net 68 "Net-(Q2-Pad3)")
  (net 69 "Net-(Q3-Pad3)")
  (net 70 "Net-(Q4-Pad3)")
  (net 71 "Net-(Q5-Pad3)")
  (net 72 "Net-(Q6-Pad3)")
  (net 73 "Net-(Q7-Pad3)")
  (net 74 "Net-(Q8-Pad3)")
  (net 75 "Net-(Q11-Pad2)")
  (net 76 "Net-(Q11-Pad1)")
  (net 77 "Net-(Q13-Pad2)")
  (net 78 "Net-(R40-Pad2)")
  (net 79 /bq/SCL)
  (net 80 "Net-(R46-Pad2)")
  (net 81 /bq/SDA)
  (net 82 "Net-(R51-Pad1)")
  (net 83 "Net-(R52-Pad1)")
  (net 84 "Net-(R53-Pad1)")
  (net 85 "Net-(Q9-Pad3)")
  (net 86 "Net-(Q10-Pad3)")
  (net 87 "Net-(R1-Pad2)")

  (net_class Default "This is the default net class."
    (clearance 0.1)
    (trace_width 0.25)
    (via_dia 0.8)
    (via_drill 0.4)
    (uvia_dia 0.3)
    (uvia_drill 0.1)
    (diff_pair_width 0.3)
    (diff_pair_gap 0.25)
    (add_net /ISOL_GND)
    (add_net /ISOL_RX)
    (add_net /ISOL_TX)
    (add_net /ISOL_VCC)
    (add_net /bq/BAT_NEG)
    (add_net /bq/PACK-)
    (add_net /bq/REGOUT)
    (add_net /bq/SCL)
    (add_net /bq/SDA)
    (add_net /bq/TS1)
    (add_net /bq/TS2)
    (add_net /bq/VC0)
    (add_net /bq/VC1)
    (add_net /bq/VC10)
    (add_net /bq/VC2)
    (add_net /bq/VC3)
    (add_net /bq/VC4)
    (add_net /bq/VC5)
    (add_net /bq/VC5B)
    (add_net /bq/VC5X)
    (add_net /bq/VC6)
    (add_net /bq/VC7)
    (add_net /bq/VC8)
    (add_net /bq/VC9)
    (add_net /bq/~ALERT)
    (add_net /cpu/BOOT0)
    (add_net /cpu/SWCLK)
    (add_net /cpu/SWDIO)
    (add_net /cpu/UART2_RX)
    (add_net /cpu/UART2_TX)
    (add_net /cpu/~NRST)
    (add_net /input/B0)
    (add_net /input/B1)
    (add_net /input/B10)
    (add_net /input/B2)
    (add_net /input/B3)
    (add_net /input/B4)
    (add_net /input/B5)
    (add_net /input/B6)
    (add_net /input/B7)
    (add_net /input/B8)
    (add_net /input/B9)
    (add_net GND)
    (add_net "Net-(C13-Pad1)")
    (add_net "Net-(C14-Pad1)")
    (add_net "Net-(C18-Pad1)")
    (add_net "Net-(C18-Pad2)")
    (add_net "Net-(C20-Pad1)")
    (add_net "Net-(C21-Pad1)")
    (add_net "Net-(C24-Pad1)")
    (add_net "Net-(C26-Pad1)")
    (add_net "Net-(C27-Pad1)")
    (add_net "Net-(D1-Pad1)")
    (add_net "Net-(D10-Pad1)")
    (add_net "Net-(D13-Pad1)")
    (add_net "Net-(D13-Pad2)")
    (add_net "Net-(D15-Pad1)")
    (add_net "Net-(D16-Pad2)")
    (add_net "Net-(D17-Pad2)")
    (add_net "Net-(D18-Pad2)")
    (add_net "Net-(D2-Pad1)")
    (add_net "Net-(D3-Pad1)")
    (add_net "Net-(D4-Pad1)")
    (add_net "Net-(D5-Pad1)")
    (add_net "Net-(D6-Pad1)")
    (add_net "Net-(D7-Pad1)")
    (add_net "Net-(D8-Pad1)")
    (add_net "Net-(D9-Pad1)")
    (add_net "Net-(Q1-Pad3)")
    (add_net "Net-(Q10-Pad3)")
    (add_net "Net-(Q11-Pad1)")
    (add_net "Net-(Q11-Pad2)")
    (add_net "Net-(Q13-Pad2)")
    (add_net "Net-(Q2-Pad3)")
    (add_net "Net-(Q3-Pad3)")
    (add_net "Net-(Q4-Pad3)")
    (add_net "Net-(Q5-Pad3)")
    (add_net "Net-(Q6-Pad3)")
    (add_net "Net-(Q7-Pad3)")
    (add_net "Net-(Q8-Pad3)")
    (add_net "Net-(Q9-Pad3)")
    (add_net "Net-(R1-Pad2)")
    (add_net "Net-(R40-Pad2)")
    (add_net "Net-(R46-Pad2)")
    (add_net "Net-(R51-Pad1)")
    (add_net "Net-(R52-Pad1)")
    (add_net "Net-(R53-Pad1)")
  )

  (net_class test ""
    (clearance 0.1)
    (trace_width 0.25)
    (via_dia 0.8)
    (via_drill 0.4)
    (uvia_dia 0.3)
    (uvia_drill 0.1)
    (diff_pair_width 0.3)
    (diff_pair_gap 0.25)
  )

  (module Package_SO:TSSOP-30_4.4x7.8mm_P0.5mm (layer F.Cu) (tedit 5A98D639) (tstamp 5E1DD12C)
    (at 55.8 31.3 180)
    (descr "TSSOP30: plastic thin shrink small outline package; 30 leads; body width 4.4 mm (http://www.ti.com/lit/ds/symlink/bq78350.pdf)")
    (tags "SSOP 0.5")
    (path /5DEA4832/5DEA4A77)
    (attr smd)
    (fp_text reference U1 (at 2.7 -4.95) (layer F.SilkS)
      (effects (font (size 1 1) (thickness 0.15)))
    )
    (fp_text value bq7693002DBT (at 0 4.9) (layer F.Fab)
      (effects (font (size 1 1) (thickness 0.15)))
    )
    (fp_line (start -1.2 -3.9) (end 2.2 -3.9) (layer F.Fab) (width 0.1))
    (fp_line (start 2.2 -3.9) (end 2.2 3.9) (layer F.Fab) (width 0.1))
    (fp_line (start 2.2 3.9) (end -2.2 3.9) (layer F.Fab) (width 0.1))
    (fp_line (start -2.2 3.9) (end -2.2 -2.9) (layer F.Fab) (width 0.1))
    (fp_line (start -2.2 -2.9) (end -1.2 -3.9) (layer F.Fab) (width 0.1))
    (fp_line (start -3.65 -4.15) (end -3.65 4.15) (layer F.CrtYd) (width 0.05))
    (fp_line (start 3.65 -4.15) (end 3.65 4.15) (layer F.CrtYd) (width 0.05))
    (fp_line (start -3.65 -4.15) (end 3.65 -4.15) (layer F.CrtYd) (width 0.05))
    (fp_line (start -3.65 4.15) (end 3.65 4.15) (layer F.CrtYd) (width 0.05))
    (fp_line (start 2.325 -4.025) (end 2.325 -3.9175) (layer F.SilkS) (width 0.12))
    (fp_line (start 2.325 4.025) (end 2.325 3.9175) (layer F.SilkS) (width 0.12))
    (fp_line (start -2.325 4.025) (end -2.325 3.9175) (layer F.SilkS) (width 0.12))
    (fp_line (start -3.4 -4.025) (end 2.325 -4.025) (layer F.SilkS) (width 0.12))
    (fp_line (start -2.325 4.025) (end 2.325 4.025) (layer F.SilkS) (width 0.12))
    (fp_text user %R (at 0 0) (layer F.Fab)
      (effects (font (size 1 1) (thickness 0.15)))
    )
    (pad 1 smd rect (at -2.85 -3.5 180) (size 1.1 0.285) (layers F.Cu F.Paste F.Mask)
      (net 78 "Net-(R40-Pad2)"))
    (pad 2 smd rect (at -2.85 -3 180) (size 1.1 0.285) (layers F.Cu F.Paste F.Mask)
      (net 77 "Net-(Q13-Pad2)"))
    (pad 3 smd rect (at -2.85 -2.5 180) (size 1.1 0.285) (layers F.Cu F.Paste F.Mask)
      (net 13 GND))
    (pad 4 smd rect (at -2.85 -2 180) (size 1.1 0.285) (layers F.Cu F.Paste F.Mask)
      (net 81 /bq/SDA))
    (pad 5 smd rect (at -2.85 -1.5 180) (size 1.1 0.285) (layers F.Cu F.Paste F.Mask)
      (net 79 /bq/SCL))
    (pad 6 smd rect (at -2.85 -1 180) (size 1.1 0.285) (layers F.Cu F.Paste F.Mask)
      (net 17 /bq/TS1))
    (pad 7 smd rect (at -2.85 -0.5 180) (size 1.1 0.285) (layers F.Cu F.Paste F.Mask)
      (net 22 "Net-(C20-Pad1)"))
    (pad 8 smd rect (at -2.85 0 180) (size 1.1 0.285) (layers F.Cu F.Paste F.Mask)
      (net 25 /bq/REGOUT))
    (pad 9 smd rect (at -2.85 0.5 180) (size 1.1 0.285) (layers F.Cu F.Paste F.Mask)
      (net 27 "Net-(C26-Pad1)"))
    (pad 10 smd rect (at -2.85 1 180) (size 1.1 0.285) (layers F.Cu F.Paste F.Mask)
      (net 6 /bq/VC5X))
    (pad 11 smd rect (at -2.85 1.5 180) (size 1.1 0.285) (layers F.Cu F.Paste F.Mask)
      (net 23 "Net-(C21-Pad1)"))
    (pad 12 smd rect (at -2.85 2 180) (size 1.1 0.285) (layers F.Cu F.Paste F.Mask)
      (net 23 "Net-(C21-Pad1)"))
    (pad 13 smd rect (at -2.85 2.5 180) (size 1.1 0.285) (layers F.Cu F.Paste F.Mask)
      (net 18 /bq/TS2))
    (pad 14 smd rect (at -2.85 3 180) (size 1.1 0.285) (layers F.Cu F.Paste F.Mask)
      (net 23 "Net-(C21-Pad1)"))
    (pad 15 smd rect (at -2.85 3.5 180) (size 1.1 0.285) (layers F.Cu F.Paste F.Mask)
      (net 26 "Net-(C24-Pad1)"))
    (pad 16 smd rect (at 2.85 3.5 180) (size 1.1 0.285) (layers F.Cu F.Paste F.Mask)
      (net 2 /bq/VC10))
    (pad 17 smd rect (at 2.85 3 180) (size 1.1 0.285) (layers F.Cu F.Paste F.Mask)
      (net 1 /bq/VC9))
    (pad 18 smd rect (at 2.85 2.5 180) (size 1.1 0.285) (layers F.Cu F.Paste F.Mask)
      (net 3 /bq/VC8))
    (pad 19 smd rect (at 2.85 2 180) (size 1.1 0.285) (layers F.Cu F.Paste F.Mask)
      (net 4 /bq/VC7))
    (pad 20 smd rect (at 2.85 1.5 180) (size 1.1 0.285) (layers F.Cu F.Paste F.Mask)
      (net 5 /bq/VC6))
    (pad 21 smd rect (at 2.85 1 180) (size 1.1 0.285) (layers F.Cu F.Paste F.Mask)
      (net 14 /bq/VC5B))
    (pad 22 smd rect (at 2.85 0.5 180) (size 1.1 0.285) (layers F.Cu F.Paste F.Mask)
      (net 8 /bq/VC5))
    (pad 23 smd rect (at 2.85 0 180) (size 1.1 0.285) (layers F.Cu F.Paste F.Mask)
      (net 7 /bq/VC4))
    (pad 24 smd rect (at 2.85 -0.5 180) (size 1.1 0.285) (layers F.Cu F.Paste F.Mask)
      (net 9 /bq/VC3))
    (pad 25 smd rect (at 2.85 -1 180) (size 1.1 0.285) (layers F.Cu F.Paste F.Mask)
      (net 10 /bq/VC2))
    (pad 26 smd rect (at 2.85 -1.5 180) (size 1.1 0.285) (layers F.Cu F.Paste F.Mask)
      (net 11 /bq/VC1))
    (pad 27 smd rect (at 2.85 -2 180) (size 1.1 0.285) (layers F.Cu F.Paste F.Mask)
      (net 12 /bq/VC0))
    (pad 28 smd rect (at 2.85 -2.5 180) (size 1.1 0.285) (layers F.Cu F.Paste F.Mask)
      (net 15 "Net-(C13-Pad1)"))
    (pad 29 smd rect (at 2.85 -3 180) (size 1.1 0.285) (layers F.Cu F.Paste F.Mask)
      (net 16 "Net-(C14-Pad1)"))
    (pad 30 smd rect (at 2.85 -3.5 180) (size 1.1 0.285) (layers F.Cu F.Paste F.Mask)
      (net 21 /bq/~ALERT))
    (model ${KISYS3DMOD}/Package_SO.3dshapes/TSSOP-30_4.4x7.8mm_P0.5mm.wrl
      (at (xyz 0 0 0))
      (scale (xyz 1 1 1))
      (rotate (xyz 0 0 0))
    )
  )

  (module Diode_SMD:D_SOD-323_HandSoldering (layer B.Cu) (tedit 58641869) (tstamp 5E176042)
    (at 52.25 31.8 90)
    (descr SOD-323)
    (tags SOD-323)
    (path /5DEA4832/5DEAE3E6)
    (attr smd)
    (fp_text reference D11 (at -3.43 0 90) (layer B.SilkS)
      (effects (font (size 1 1) (thickness 0.15)) (justify mirror))
    )
    (fp_text value SS16HE (at 0.1 -1.9 90) (layer B.Fab)
      (effects (font (size 1 1) (thickness 0.15)) (justify mirror))
    )
    (fp_line (start -1.9 0.85) (end 1.25 0.85) (layer B.SilkS) (width 0.12))
    (fp_line (start -1.9 -0.85) (end 1.25 -0.85) (layer B.SilkS) (width 0.12))
    (fp_line (start -2 0.95) (end -2 -0.95) (layer B.CrtYd) (width 0.05))
    (fp_line (start -2 -0.95) (end 2 -0.95) (layer B.CrtYd) (width 0.05))
    (fp_line (start 2 0.95) (end 2 -0.95) (layer B.CrtYd) (width 0.05))
    (fp_line (start -2 0.95) (end 2 0.95) (layer B.CrtYd) (width 0.05))
    (fp_line (start -0.9 0.7) (end 0.9 0.7) (layer B.Fab) (width 0.1))
    (fp_line (start 0.9 0.7) (end 0.9 -0.7) (layer B.Fab) (width 0.1))
    (fp_line (start 0.9 -0.7) (end -0.9 -0.7) (layer B.Fab) (width 0.1))
    (fp_line (start -0.9 -0.7) (end -0.9 0.7) (layer B.Fab) (width 0.1))
    (fp_line (start -0.3 0.35) (end -0.3 -0.35) (layer B.Fab) (width 0.1))
    (fp_line (start -0.3 0) (end -0.5 0) (layer B.Fab) (width 0.1))
    (fp_line (start -0.3 0) (end 0.2 0.35) (layer B.Fab) (width 0.1))
    (fp_line (start 0.2 0.35) (end 0.2 -0.35) (layer B.Fab) (width 0.1))
    (fp_line (start 0.2 -0.35) (end -0.3 0) (layer B.Fab) (width 0.1))
    (fp_line (start 0.2 0) (end 0.45 0) (layer B.Fab) (width 0.1))
    (fp_line (start -1.9 0.85) (end -1.9 -0.85) (layer B.SilkS) (width 0.12))
    (fp_text user %R (at 0 1.85 90) (layer B.Fab)
      (effects (font (size 1 1) (thickness 0.15)) (justify mirror))
    )
    (pad 2 smd rect (at 1.25 0 90) (size 1 1) (layers B.Cu B.Paste B.Mask)
      (net 8 /bq/VC5))
    (pad 1 smd rect (at -1.25 0 90) (size 1 1) (layers B.Cu B.Paste B.Mask)
      (net 6 /bq/VC5X))
    (model ${KISYS3DMOD}/Diode_SMD.3dshapes/D_SOD-323.wrl
      (at (xyz 0 0 0))
      (scale (xyz 1 1 1))
      (rotate (xyz 0 0 0))
    )
  )

  (module Capacitor_SMD:C_0805_2012Metric_Pad1.15x1.40mm_HandSolder (layer F.Cu) (tedit 5B36C52B) (tstamp 5E175D6F)
    (at 49.4 47.325 270)
    (descr "Capacitor SMD 0805 (2012 Metric), square (rectangular) end terminal, IPC_7351 nominal with elongated pad for handsoldering. (Body size source: https://docs.google.com/spreadsheets/d/1BsfQQcO9C6DZCsRaXUlFlo91Tg2WpOkGARC1WS5S8t0/edit?usp=sharing), generated with kicad-footprint-generator")
    (tags "capacitor handsolder")
    (path /5DEA47F6/5E084C24)
    (attr smd)
    (fp_text reference C5 (at 0 -1.65 90) (layer F.SilkS)
      (effects (font (size 1 1) (thickness 0.15)))
    )
    (fp_text value 220n (at 0 1.65 90) (layer F.Fab)
      (effects (font (size 1 1) (thickness 0.15)))
    )
    (fp_line (start -1 0.6) (end -1 -0.6) (layer F.Fab) (width 0.1))
    (fp_line (start -1 -0.6) (end 1 -0.6) (layer F.Fab) (width 0.1))
    (fp_line (start 1 -0.6) (end 1 0.6) (layer F.Fab) (width 0.1))
    (fp_line (start 1 0.6) (end -1 0.6) (layer F.Fab) (width 0.1))
    (fp_line (start -0.261252 -0.71) (end 0.261252 -0.71) (layer F.SilkS) (width 0.12))
    (fp_line (start -0.261252 0.71) (end 0.261252 0.71) (layer F.SilkS) (width 0.12))
    (fp_line (start -1.85 0.95) (end -1.85 -0.95) (layer F.CrtYd) (width 0.05))
    (fp_line (start -1.85 -0.95) (end 1.85 -0.95) (layer F.CrtYd) (width 0.05))
    (fp_line (start 1.85 -0.95) (end 1.85 0.95) (layer F.CrtYd) (width 0.05))
    (fp_line (start 1.85 0.95) (end -1.85 0.95) (layer F.CrtYd) (width 0.05))
    (fp_text user %R (at 0 0 90) (layer F.Fab)
      (effects (font (size 0.5 0.5) (thickness 0.08)))
    )
    (pad 1 smd roundrect (at -1.025 0 270) (size 1.15 1.4) (layers F.Cu F.Paste F.Mask) (roundrect_rratio 0.217391)
      (net 5 /bq/VC6))
    (pad 2 smd roundrect (at 1.025 0 270) (size 1.15 1.4) (layers F.Cu F.Paste F.Mask) (roundrect_rratio 0.217391)
      (net 6 /bq/VC5X))
    (model ${KISYS3DMOD}/Capacitor_SMD.3dshapes/C_0805_2012Metric.wrl
      (at (xyz 0 0 0))
      (scale (xyz 1 1 1))
      (rotate (xyz 0 0 0))
    )
  )

  (module Capacitor_SMD:C_1210_3225Metric_Pad1.42x2.65mm_HandSolder (layer B.Cu) (tedit 5B301BBE) (tstamp 5E175E7F)
    (at 54.95 27.35 270)
    (descr "Capacitor SMD 1210 (3225 Metric), square (rectangular) end terminal, IPC_7351 nominal with elongated pad for handsoldering. (Body size source: http://www.tortai-tech.com/upload/download/2011102023233369053.pdf), generated with kicad-footprint-generator")
    (tags "capacitor handsolder")
    (path /5DEA4832/5DEB400F)
    (attr smd)
    (fp_text reference C21 (at 0 2.28 90) (layer B.SilkS)
      (effects (font (size 1 1) (thickness 0.15)) (justify mirror))
    )
    (fp_text value C3225X7R2A105K200AA (at 0 -2.28 90) (layer B.Fab)
      (effects (font (size 1 1) (thickness 0.15)) (justify mirror))
    )
    (fp_line (start -1.6 -1.25) (end -1.6 1.25) (layer B.Fab) (width 0.1))
    (fp_line (start -1.6 1.25) (end 1.6 1.25) (layer B.Fab) (width 0.1))
    (fp_line (start 1.6 1.25) (end 1.6 -1.25) (layer B.Fab) (width 0.1))
    (fp_line (start 1.6 -1.25) (end -1.6 -1.25) (layer B.Fab) (width 0.1))
    (fp_line (start -0.602064 1.36) (end 0.602064 1.36) (layer B.SilkS) (width 0.12))
    (fp_line (start -0.602064 -1.36) (end 0.602064 -1.36) (layer B.SilkS) (width 0.12))
    (fp_line (start -2.45 -1.58) (end -2.45 1.58) (layer B.CrtYd) (width 0.05))
    (fp_line (start -2.45 1.58) (end 2.45 1.58) (layer B.CrtYd) (width 0.05))
    (fp_line (start 2.45 1.58) (end 2.45 -1.58) (layer B.CrtYd) (width 0.05))
    (fp_line (start 2.45 -1.58) (end -2.45 -1.58) (layer B.CrtYd) (width 0.05))
    (fp_text user %R (at 0 0 90) (layer B.Fab)
      (effects (font (size 0.8 0.8) (thickness 0.12)) (justify mirror))
    )
    (pad 1 smd roundrect (at -1.4875 0 270) (size 1.425 2.65) (layers B.Cu B.Paste B.Mask) (roundrect_rratio 0.175439)
      (net 23 "Net-(C21-Pad1)"))
    (pad 2 smd roundrect (at 1.4875 0 270) (size 1.425 2.65) (layers B.Cu B.Paste B.Mask) (roundrect_rratio 0.175439)
      (net 6 /bq/VC5X))
    (model ${KISYS3DMOD}/Capacitor_SMD.3dshapes/C_1210_3225Metric.wrl
      (at (xyz 0 0 0))
      (scale (xyz 1 1 1))
      (rotate (xyz 0 0 0))
    )
  )

  (module Capacitor_SMD:C_0805_2012Metric_Pad1.15x1.40mm_HandSolder (layer F.Cu) (tedit 5B36C52B) (tstamp 5E175D2B)
    (at 46.8 28.825 270)
    (descr "Capacitor SMD 0805 (2012 Metric), square (rectangular) end terminal, IPC_7351 nominal with elongated pad for handsoldering. (Body size source: https://docs.google.com/spreadsheets/d/1BsfQQcO9C6DZCsRaXUlFlo91Tg2WpOkGARC1WS5S8t0/edit?usp=sharing), generated with kicad-footprint-generator")
    (tags "capacitor handsolder")
    (path /5DEA47F6/5E05FF9F)
    (attr smd)
    (fp_text reference C1 (at 0 -1.65 90) (layer F.SilkS)
      (effects (font (size 1 1) (thickness 0.15)))
    )
    (fp_text value 220n (at 0 1.65 90) (layer F.Fab)
      (effects (font (size 1 1) (thickness 0.15)))
    )
    (fp_text user %R (at 0 0 90) (layer F.Fab)
      (effects (font (size 0.5 0.5) (thickness 0.08)))
    )
    (fp_line (start 1.85 0.95) (end -1.85 0.95) (layer F.CrtYd) (width 0.05))
    (fp_line (start 1.85 -0.95) (end 1.85 0.95) (layer F.CrtYd) (width 0.05))
    (fp_line (start -1.85 -0.95) (end 1.85 -0.95) (layer F.CrtYd) (width 0.05))
    (fp_line (start -1.85 0.95) (end -1.85 -0.95) (layer F.CrtYd) (width 0.05))
    (fp_line (start -0.261252 0.71) (end 0.261252 0.71) (layer F.SilkS) (width 0.12))
    (fp_line (start -0.261252 -0.71) (end 0.261252 -0.71) (layer F.SilkS) (width 0.12))
    (fp_line (start 1 0.6) (end -1 0.6) (layer F.Fab) (width 0.1))
    (fp_line (start 1 -0.6) (end 1 0.6) (layer F.Fab) (width 0.1))
    (fp_line (start -1 -0.6) (end 1 -0.6) (layer F.Fab) (width 0.1))
    (fp_line (start -1 0.6) (end -1 -0.6) (layer F.Fab) (width 0.1))
    (pad 2 smd roundrect (at 1.025 0 270) (size 1.15 1.4) (layers F.Cu F.Paste F.Mask) (roundrect_rratio 0.217391)
      (net 1 /bq/VC9))
    (pad 1 smd roundrect (at -1.025 0 270) (size 1.15 1.4) (layers F.Cu F.Paste F.Mask) (roundrect_rratio 0.217391)
      (net 2 /bq/VC10))
    (model ${KISYS3DMOD}/Capacitor_SMD.3dshapes/C_0805_2012Metric.wrl
      (at (xyz 0 0 0))
      (scale (xyz 1 1 1))
      (rotate (xyz 0 0 0))
    )
  )

  (module Capacitor_SMD:C_0805_2012Metric_Pad1.15x1.40mm_HandSolder (layer F.Cu) (tedit 5B36C52B) (tstamp 5E175D3C)
    (at 46.8 33.925 270)
    (descr "Capacitor SMD 0805 (2012 Metric), square (rectangular) end terminal, IPC_7351 nominal with elongated pad for handsoldering. (Body size source: https://docs.google.com/spreadsheets/d/1BsfQQcO9C6DZCsRaXUlFlo91Tg2WpOkGARC1WS5S8t0/edit?usp=sharing), generated with kicad-footprint-generator")
    (tags "capacitor handsolder")
    (path /5DEA47F6/5E06752B)
    (attr smd)
    (fp_text reference C2 (at 0 -1.65 90) (layer F.SilkS)
      (effects (font (size 1 1) (thickness 0.15)))
    )
    (fp_text value 220n (at 0 1.65 90) (layer F.Fab)
      (effects (font (size 1 1) (thickness 0.15)))
    )
    (fp_line (start -1 0.6) (end -1 -0.6) (layer F.Fab) (width 0.1))
    (fp_line (start -1 -0.6) (end 1 -0.6) (layer F.Fab) (width 0.1))
    (fp_line (start 1 -0.6) (end 1 0.6) (layer F.Fab) (width 0.1))
    (fp_line (start 1 0.6) (end -1 0.6) (layer F.Fab) (width 0.1))
    (fp_line (start -0.261252 -0.71) (end 0.261252 -0.71) (layer F.SilkS) (width 0.12))
    (fp_line (start -0.261252 0.71) (end 0.261252 0.71) (layer F.SilkS) (width 0.12))
    (fp_line (start -1.85 0.95) (end -1.85 -0.95) (layer F.CrtYd) (width 0.05))
    (fp_line (start -1.85 -0.95) (end 1.85 -0.95) (layer F.CrtYd) (width 0.05))
    (fp_line (start 1.85 -0.95) (end 1.85 0.95) (layer F.CrtYd) (width 0.05))
    (fp_line (start 1.85 0.95) (end -1.85 0.95) (layer F.CrtYd) (width 0.05))
    (fp_text user %R (at 0 0 90) (layer F.Fab)
      (effects (font (size 0.5 0.5) (thickness 0.08)))
    )
    (pad 1 smd roundrect (at -1.025 0 270) (size 1.15 1.4) (layers F.Cu F.Paste F.Mask) (roundrect_rratio 0.217391)
      (net 1 /bq/VC9))
    (pad 2 smd roundrect (at 1.025 0 270) (size 1.15 1.4) (layers F.Cu F.Paste F.Mask) (roundrect_rratio 0.217391)
      (net 3 /bq/VC8))
    (model ${KISYS3DMOD}/Capacitor_SMD.3dshapes/C_0805_2012Metric.wrl
      (at (xyz 0 0 0))
      (scale (xyz 1 1 1))
      (rotate (xyz 0 0 0))
    )
  )

  (module Capacitor_SMD:C_0805_2012Metric_Pad1.15x1.40mm_HandSolder (layer F.Cu) (tedit 5B36C52B) (tstamp 5E175D4D)
    (at 46.8 39.125 270)
    (descr "Capacitor SMD 0805 (2012 Metric), square (rectangular) end terminal, IPC_7351 nominal with elongated pad for handsoldering. (Body size source: https://docs.google.com/spreadsheets/d/1BsfQQcO9C6DZCsRaXUlFlo91Tg2WpOkGARC1WS5S8t0/edit?usp=sharing), generated with kicad-footprint-generator")
    (tags "capacitor handsolder")
    (path /5DEA47F6/5E07878C)
    (attr smd)
    (fp_text reference C3 (at 0 -1.65 90) (layer F.SilkS)
      (effects (font (size 1 1) (thickness 0.15)))
    )
    (fp_text value 220n (at 0 1.65 90) (layer F.Fab)
      (effects (font (size 1 1) (thickness 0.15)))
    )
    (fp_text user %R (at 0 0 90) (layer F.Fab)
      (effects (font (size 0.5 0.5) (thickness 0.08)))
    )
    (fp_line (start 1.85 0.95) (end -1.85 0.95) (layer F.CrtYd) (width 0.05))
    (fp_line (start 1.85 -0.95) (end 1.85 0.95) (layer F.CrtYd) (width 0.05))
    (fp_line (start -1.85 -0.95) (end 1.85 -0.95) (layer F.CrtYd) (width 0.05))
    (fp_line (start -1.85 0.95) (end -1.85 -0.95) (layer F.CrtYd) (width 0.05))
    (fp_line (start -0.261252 0.71) (end 0.261252 0.71) (layer F.SilkS) (width 0.12))
    (fp_line (start -0.261252 -0.71) (end 0.261252 -0.71) (layer F.SilkS) (width 0.12))
    (fp_line (start 1 0.6) (end -1 0.6) (layer F.Fab) (width 0.1))
    (fp_line (start 1 -0.6) (end 1 0.6) (layer F.Fab) (width 0.1))
    (fp_line (start -1 -0.6) (end 1 -0.6) (layer F.Fab) (width 0.1))
    (fp_line (start -1 0.6) (end -1 -0.6) (layer F.Fab) (width 0.1))
    (pad 2 smd roundrect (at 1.025 0 270) (size 1.15 1.4) (layers F.Cu F.Paste F.Mask) (roundrect_rratio 0.217391)
      (net 4 /bq/VC7))
    (pad 1 smd roundrect (at -1.025 0 270) (size 1.15 1.4) (layers F.Cu F.Paste F.Mask) (roundrect_rratio 0.217391)
      (net 3 /bq/VC8))
    (model ${KISYS3DMOD}/Capacitor_SMD.3dshapes/C_0805_2012Metric.wrl
      (at (xyz 0 0 0))
      (scale (xyz 1 1 1))
      (rotate (xyz 0 0 0))
    )
  )

  (module Capacitor_SMD:C_0805_2012Metric_Pad1.15x1.40mm_HandSolder (layer F.Cu) (tedit 5B36C52B) (tstamp 5E175D5E)
    (at 46.8 44.725 270)
    (descr "Capacitor SMD 0805 (2012 Metric), square (rectangular) end terminal, IPC_7351 nominal with elongated pad for handsoldering. (Body size source: https://docs.google.com/spreadsheets/d/1BsfQQcO9C6DZCsRaXUlFlo91Tg2WpOkGARC1WS5S8t0/edit?usp=sharing), generated with kicad-footprint-generator")
    (tags "capacitor handsolder")
    (path /5DEA47F6/5E07D9B9)
    (attr smd)
    (fp_text reference C4 (at 0 -1.65 90) (layer F.SilkS)
      (effects (font (size 1 1) (thickness 0.15)))
    )
    (fp_text value 220n (at 0 1.65 90) (layer F.Fab)
      (effects (font (size 1 1) (thickness 0.15)))
    )
    (fp_text user %R (at 0 0 90) (layer F.Fab)
      (effects (font (size 0.5 0.5) (thickness 0.08)))
    )
    (fp_line (start 1.85 0.95) (end -1.85 0.95) (layer F.CrtYd) (width 0.05))
    (fp_line (start 1.85 -0.95) (end 1.85 0.95) (layer F.CrtYd) (width 0.05))
    (fp_line (start -1.85 -0.95) (end 1.85 -0.95) (layer F.CrtYd) (width 0.05))
    (fp_line (start -1.85 0.95) (end -1.85 -0.95) (layer F.CrtYd) (width 0.05))
    (fp_line (start -0.261252 0.71) (end 0.261252 0.71) (layer F.SilkS) (width 0.12))
    (fp_line (start -0.261252 -0.71) (end 0.261252 -0.71) (layer F.SilkS) (width 0.12))
    (fp_line (start 1 0.6) (end -1 0.6) (layer F.Fab) (width 0.1))
    (fp_line (start 1 -0.6) (end 1 0.6) (layer F.Fab) (width 0.1))
    (fp_line (start -1 -0.6) (end 1 -0.6) (layer F.Fab) (width 0.1))
    (fp_line (start -1 0.6) (end -1 -0.6) (layer F.Fab) (width 0.1))
    (pad 2 smd roundrect (at 1.025 0 270) (size 1.15 1.4) (layers F.Cu F.Paste F.Mask) (roundrect_rratio 0.217391)
      (net 5 /bq/VC6))
    (pad 1 smd roundrect (at -1.025 0 270) (size 1.15 1.4) (layers F.Cu F.Paste F.Mask) (roundrect_rratio 0.217391)
      (net 4 /bq/VC7))
    (model ${KISYS3DMOD}/Capacitor_SMD.3dshapes/C_0805_2012Metric.wrl
      (at (xyz 0 0 0))
      (scale (xyz 1 1 1))
      (rotate (xyz 0 0 0))
    )
  )

  (module Capacitor_SMD:C_0805_2012Metric_Pad1.15x1.40mm_HandSolder (layer B.Cu) (tedit 5B36C52B) (tstamp 5E175D80)
    (at 46.8 28.7 270)
    (descr "Capacitor SMD 0805 (2012 Metric), square (rectangular) end terminal, IPC_7351 nominal with elongated pad for handsoldering. (Body size source: https://docs.google.com/spreadsheets/d/1BsfQQcO9C6DZCsRaXUlFlo91Tg2WpOkGARC1WS5S8t0/edit?usp=sharing), generated with kicad-footprint-generator")
    (tags "capacitor handsolder")
    (path /5DEA47F6/5E08B6DB)
    (attr smd)
    (fp_text reference C6 (at -0.01 -1.65 90) (layer B.SilkS)
      (effects (font (size 1 1) (thickness 0.15)) (justify mirror))
    )
    (fp_text value 220n (at 0 -1.65 90) (layer B.Fab)
      (effects (font (size 1 1) (thickness 0.15)) (justify mirror))
    )
    (fp_text user %R (at 0 0 90) (layer B.Fab)
      (effects (font (size 0.5 0.5) (thickness 0.08)) (justify mirror))
    )
    (fp_line (start 1.85 -0.95) (end -1.85 -0.95) (layer B.CrtYd) (width 0.05))
    (fp_line (start 1.85 0.95) (end 1.85 -0.95) (layer B.CrtYd) (width 0.05))
    (fp_line (start -1.85 0.95) (end 1.85 0.95) (layer B.CrtYd) (width 0.05))
    (fp_line (start -1.85 -0.95) (end -1.85 0.95) (layer B.CrtYd) (width 0.05))
    (fp_line (start -0.261252 -0.71) (end 0.261252 -0.71) (layer B.SilkS) (width 0.12))
    (fp_line (start -0.261252 0.71) (end 0.261252 0.71) (layer B.SilkS) (width 0.12))
    (fp_line (start 1 -0.6) (end -1 -0.6) (layer B.Fab) (width 0.1))
    (fp_line (start 1 0.6) (end 1 -0.6) (layer B.Fab) (width 0.1))
    (fp_line (start -1 0.6) (end 1 0.6) (layer B.Fab) (width 0.1))
    (fp_line (start -1 -0.6) (end -1 0.6) (layer B.Fab) (width 0.1))
    (pad 2 smd roundrect (at 1.025 0 270) (size 1.15 1.4) (layers B.Cu B.Paste B.Mask) (roundrect_rratio 0.217391)
      (net 7 /bq/VC4))
    (pad 1 smd roundrect (at -1.025 0 270) (size 1.15 1.4) (layers B.Cu B.Paste B.Mask) (roundrect_rratio 0.217391)
      (net 8 /bq/VC5))
    (model ${KISYS3DMOD}/Capacitor_SMD.3dshapes/C_0805_2012Metric.wrl
      (at (xyz 0 0 0))
      (scale (xyz 1 1 1))
      (rotate (xyz 0 0 0))
    )
  )

  (module Capacitor_SMD:C_0805_2012Metric_Pad1.15x1.40mm_HandSolder (layer B.Cu) (tedit 5B36C52B) (tstamp 5E175D91)
    (at 46.8 33.5 270)
    (descr "Capacitor SMD 0805 (2012 Metric), square (rectangular) end terminal, IPC_7351 nominal with elongated pad for handsoldering. (Body size source: https://docs.google.com/spreadsheets/d/1BsfQQcO9C6DZCsRaXUlFlo91Tg2WpOkGARC1WS5S8t0/edit?usp=sharing), generated with kicad-footprint-generator")
    (tags "capacitor handsolder")
    (path /5DEA47F6/5E0C589C)
    (attr smd)
    (fp_text reference C7 (at 0 -1.66 90) (layer B.SilkS)
      (effects (font (size 1 1) (thickness 0.15)) (justify mirror))
    )
    (fp_text value 220n (at 0 -1.65 90) (layer B.Fab)
      (effects (font (size 1 1) (thickness 0.15)) (justify mirror))
    )
    (fp_text user %R (at 0 0 90) (layer B.Fab)
      (effects (font (size 0.5 0.5) (thickness 0.08)) (justify mirror))
    )
    (fp_line (start 1.85 -0.95) (end -1.85 -0.95) (layer B.CrtYd) (width 0.05))
    (fp_line (start 1.85 0.95) (end 1.85 -0.95) (layer B.CrtYd) (width 0.05))
    (fp_line (start -1.85 0.95) (end 1.85 0.95) (layer B.CrtYd) (width 0.05))
    (fp_line (start -1.85 -0.95) (end -1.85 0.95) (layer B.CrtYd) (width 0.05))
    (fp_line (start -0.261252 -0.71) (end 0.261252 -0.71) (layer B.SilkS) (width 0.12))
    (fp_line (start -0.261252 0.71) (end 0.261252 0.71) (layer B.SilkS) (width 0.12))
    (fp_line (start 1 -0.6) (end -1 -0.6) (layer B.Fab) (width 0.1))
    (fp_line (start 1 0.6) (end 1 -0.6) (layer B.Fab) (width 0.1))
    (fp_line (start -1 0.6) (end 1 0.6) (layer B.Fab) (width 0.1))
    (fp_line (start -1 -0.6) (end -1 0.6) (layer B.Fab) (width 0.1))
    (pad 2 smd roundrect (at 1.025 0 270) (size 1.15 1.4) (layers B.Cu B.Paste B.Mask) (roundrect_rratio 0.217391)
      (net 9 /bq/VC3))
    (pad 1 smd roundrect (at -1.025 0 270) (size 1.15 1.4) (layers B.Cu B.Paste B.Mask) (roundrect_rratio 0.217391)
      (net 7 /bq/VC4))
    (model ${KISYS3DMOD}/Capacitor_SMD.3dshapes/C_0805_2012Metric.wrl
      (at (xyz 0 0 0))
      (scale (xyz 1 1 1))
      (rotate (xyz 0 0 0))
    )
  )

  (module Capacitor_SMD:C_0805_2012Metric_Pad1.15x1.40mm_HandSolder (layer B.Cu) (tedit 5B36C52B) (tstamp 5E175DA2)
    (at 46.8 38.8 270)
    (descr "Capacitor SMD 0805 (2012 Metric), square (rectangular) end terminal, IPC_7351 nominal with elongated pad for handsoldering. (Body size source: https://docs.google.com/spreadsheets/d/1BsfQQcO9C6DZCsRaXUlFlo91Tg2WpOkGARC1WS5S8t0/edit?usp=sharing), generated with kicad-footprint-generator")
    (tags "capacitor handsolder")
    (path /5DEA47F6/5E0D049F)
    (attr smd)
    (fp_text reference C8 (at 0 -1.7 90) (layer B.SilkS)
      (effects (font (size 1 1) (thickness 0.15)) (justify mirror))
    )
    (fp_text value 220n (at 0 -1.65 90) (layer B.Fab)
      (effects (font (size 1 1) (thickness 0.15)) (justify mirror))
    )
    (fp_line (start -1 -0.6) (end -1 0.6) (layer B.Fab) (width 0.1))
    (fp_line (start -1 0.6) (end 1 0.6) (layer B.Fab) (width 0.1))
    (fp_line (start 1 0.6) (end 1 -0.6) (layer B.Fab) (width 0.1))
    (fp_line (start 1 -0.6) (end -1 -0.6) (layer B.Fab) (width 0.1))
    (fp_line (start -0.261252 0.71) (end 0.261252 0.71) (layer B.SilkS) (width 0.12))
    (fp_line (start -0.261252 -0.71) (end 0.261252 -0.71) (layer B.SilkS) (width 0.12))
    (fp_line (start -1.85 -0.95) (end -1.85 0.95) (layer B.CrtYd) (width 0.05))
    (fp_line (start -1.85 0.95) (end 1.85 0.95) (layer B.CrtYd) (width 0.05))
    (fp_line (start 1.85 0.95) (end 1.85 -0.95) (layer B.CrtYd) (width 0.05))
    (fp_line (start 1.85 -0.95) (end -1.85 -0.95) (layer B.CrtYd) (width 0.05))
    (fp_text user %R (at 0 0 90) (layer B.Fab)
      (effects (font (size 0.5 0.5) (thickness 0.08)) (justify mirror))
    )
    (pad 1 smd roundrect (at -1.025 0 270) (size 1.15 1.4) (layers B.Cu B.Paste B.Mask) (roundrect_rratio 0.217391)
      (net 9 /bq/VC3))
    (pad 2 smd roundrect (at 1.025 0 270) (size 1.15 1.4) (layers B.Cu B.Paste B.Mask) (roundrect_rratio 0.217391)
      (net 10 /bq/VC2))
    (model ${KISYS3DMOD}/Capacitor_SMD.3dshapes/C_0805_2012Metric.wrl
      (at (xyz 0 0 0))
      (scale (xyz 1 1 1))
      (rotate (xyz 0 0 0))
    )
  )

  (module Capacitor_SMD:C_0805_2012Metric_Pad1.15x1.40mm_HandSolder (layer B.Cu) (tedit 5B36C52B) (tstamp 5E175DB3)
    (at 46.8 44.4 270)
    (descr "Capacitor SMD 0805 (2012 Metric), square (rectangular) end terminal, IPC_7351 nominal with elongated pad for handsoldering. (Body size source: https://docs.google.com/spreadsheets/d/1BsfQQcO9C6DZCsRaXUlFlo91Tg2WpOkGARC1WS5S8t0/edit?usp=sharing), generated with kicad-footprint-generator")
    (tags "capacitor handsolder")
    (path /5DEA47F6/5E0D9B30)
    (attr smd)
    (fp_text reference C9 (at 0 -1.69 90) (layer B.SilkS)
      (effects (font (size 1 1) (thickness 0.15)) (justify mirror))
    )
    (fp_text value 220n (at 0 -1.65 90) (layer B.Fab)
      (effects (font (size 1 1) (thickness 0.15)) (justify mirror))
    )
    (fp_text user %R (at 0 0 90) (layer B.Fab)
      (effects (font (size 0.5 0.5) (thickness 0.08)) (justify mirror))
    )
    (fp_line (start 1.85 -0.95) (end -1.85 -0.95) (layer B.CrtYd) (width 0.05))
    (fp_line (start 1.85 0.95) (end 1.85 -0.95) (layer B.CrtYd) (width 0.05))
    (fp_line (start -1.85 0.95) (end 1.85 0.95) (layer B.CrtYd) (width 0.05))
    (fp_line (start -1.85 -0.95) (end -1.85 0.95) (layer B.CrtYd) (width 0.05))
    (fp_line (start -0.261252 -0.71) (end 0.261252 -0.71) (layer B.SilkS) (width 0.12))
    (fp_line (start -0.261252 0.71) (end 0.261252 0.71) (layer B.SilkS) (width 0.12))
    (fp_line (start 1 -0.6) (end -1 -0.6) (layer B.Fab) (width 0.1))
    (fp_line (start 1 0.6) (end 1 -0.6) (layer B.Fab) (width 0.1))
    (fp_line (start -1 0.6) (end 1 0.6) (layer B.Fab) (width 0.1))
    (fp_line (start -1 -0.6) (end -1 0.6) (layer B.Fab) (width 0.1))
    (pad 2 smd roundrect (at 1.025 0 270) (size 1.15 1.4) (layers B.Cu B.Paste B.Mask) (roundrect_rratio 0.217391)
      (net 11 /bq/VC1))
    (pad 1 smd roundrect (at -1.025 0 270) (size 1.15 1.4) (layers B.Cu B.Paste B.Mask) (roundrect_rratio 0.217391)
      (net 10 /bq/VC2))
    (model ${KISYS3DMOD}/Capacitor_SMD.3dshapes/C_0805_2012Metric.wrl
      (at (xyz 0 0 0))
      (scale (xyz 1 1 1))
      (rotate (xyz 0 0 0))
    )
  )

  (module Capacitor_SMD:C_0805_2012Metric_Pad1.15x1.40mm_HandSolder (layer B.Cu) (tedit 5B36C52B) (tstamp 5E175DC4)
    (at 46.8 49.8 270)
    (descr "Capacitor SMD 0805 (2012 Metric), square (rectangular) end terminal, IPC_7351 nominal with elongated pad for handsoldering. (Body size source: https://docs.google.com/spreadsheets/d/1BsfQQcO9C6DZCsRaXUlFlo91Tg2WpOkGARC1WS5S8t0/edit?usp=sharing), generated with kicad-footprint-generator")
    (tags "capacitor handsolder")
    (path /5DEA47F6/5E0EA818)
    (attr smd)
    (fp_text reference C10 (at 0 -1.77 90) (layer B.SilkS)
      (effects (font (size 1 1) (thickness 0.15)) (justify mirror))
    )
    (fp_text value 220n (at 0 -1.65 90) (layer B.Fab)
      (effects (font (size 1 1) (thickness 0.15)) (justify mirror))
    )
    (fp_line (start -1 -0.6) (end -1 0.6) (layer B.Fab) (width 0.1))
    (fp_line (start -1 0.6) (end 1 0.6) (layer B.Fab) (width 0.1))
    (fp_line (start 1 0.6) (end 1 -0.6) (layer B.Fab) (width 0.1))
    (fp_line (start 1 -0.6) (end -1 -0.6) (layer B.Fab) (width 0.1))
    (fp_line (start -0.261252 0.71) (end 0.261252 0.71) (layer B.SilkS) (width 0.12))
    (fp_line (start -0.261252 -0.71) (end 0.261252 -0.71) (layer B.SilkS) (width 0.12))
    (fp_line (start -1.85 -0.95) (end -1.85 0.95) (layer B.CrtYd) (width 0.05))
    (fp_line (start -1.85 0.95) (end 1.85 0.95) (layer B.CrtYd) (width 0.05))
    (fp_line (start 1.85 0.95) (end 1.85 -0.95) (layer B.CrtYd) (width 0.05))
    (fp_line (start 1.85 -0.95) (end -1.85 -0.95) (layer B.CrtYd) (width 0.05))
    (fp_text user %R (at 0 0 90) (layer B.Fab)
      (effects (font (size 0.5 0.5) (thickness 0.08)) (justify mirror))
    )
    (pad 1 smd roundrect (at -1.025 0 270) (size 1.15 1.4) (layers B.Cu B.Paste B.Mask) (roundrect_rratio 0.217391)
      (net 11 /bq/VC1))
    (pad 2 smd roundrect (at 1.025 0 270) (size 1.15 1.4) (layers B.Cu B.Paste B.Mask) (roundrect_rratio 0.217391)
      (net 12 /bq/VC0))
    (model ${KISYS3DMOD}/Capacitor_SMD.3dshapes/C_0805_2012Metric.wrl
      (at (xyz 0 0 0))
      (scale (xyz 1 1 1))
      (rotate (xyz 0 0 0))
    )
  )

  (module Capacitor_SMD:C_0805_2012Metric_Pad1.15x1.40mm_HandSolder (layer B.Cu) (tedit 5B36C52B) (tstamp 5E175DD5)
    (at 36.1 55.9 180)
    (descr "Capacitor SMD 0805 (2012 Metric), square (rectangular) end terminal, IPC_7351 nominal with elongated pad for handsoldering. (Body size source: https://docs.google.com/spreadsheets/d/1BsfQQcO9C6DZCsRaXUlFlo91Tg2WpOkGARC1WS5S8t0/edit?usp=sharing), generated with kicad-footprint-generator")
    (tags "capacitor handsolder")
    (path /5DEA47F6/5E0F5FBC)
    (attr smd)
    (fp_text reference C11 (at 3.36 0.21) (layer B.SilkS)
      (effects (font (size 1 1) (thickness 0.15)) (justify mirror))
    )
    (fp_text value 220n (at 0 -1.65) (layer B.Fab)
      (effects (font (size 1 1) (thickness 0.15)) (justify mirror))
    )
    (fp_text user %R (at 0 0) (layer B.Fab)
      (effects (font (size 0.5 0.5) (thickness 0.08)) (justify mirror))
    )
    (fp_line (start 1.85 -0.95) (end -1.85 -0.95) (layer B.CrtYd) (width 0.05))
    (fp_line (start 1.85 0.95) (end 1.85 -0.95) (layer B.CrtYd) (width 0.05))
    (fp_line (start -1.85 0.95) (end 1.85 0.95) (layer B.CrtYd) (width 0.05))
    (fp_line (start -1.85 -0.95) (end -1.85 0.95) (layer B.CrtYd) (width 0.05))
    (fp_line (start -0.261252 -0.71) (end 0.261252 -0.71) (layer B.SilkS) (width 0.12))
    (fp_line (start -0.261252 0.71) (end 0.261252 0.71) (layer B.SilkS) (width 0.12))
    (fp_line (start 1 -0.6) (end -1 -0.6) (layer B.Fab) (width 0.1))
    (fp_line (start 1 0.6) (end 1 -0.6) (layer B.Fab) (width 0.1))
    (fp_line (start -1 0.6) (end 1 0.6) (layer B.Fab) (width 0.1))
    (fp_line (start -1 -0.6) (end -1 0.6) (layer B.Fab) (width 0.1))
    (pad 2 smd roundrect (at 1.025 0 180) (size 1.15 1.4) (layers B.Cu B.Paste B.Mask) (roundrect_rratio 0.217391)
      (net 13 GND))
    (pad 1 smd roundrect (at -1.025 0 180) (size 1.15 1.4) (layers B.Cu B.Paste B.Mask) (roundrect_rratio 0.217391)
      (net 12 /bq/VC0))
    (model ${KISYS3DMOD}/Capacitor_SMD.3dshapes/C_0805_2012Metric.wrl
      (at (xyz 0 0 0))
      (scale (xyz 1 1 1))
      (rotate (xyz 0 0 0))
    )
  )

  (module Capacitor_SMD:C_0805_2012Metric_Pad1.15x1.40mm_HandSolder (layer F.Cu) (tedit 5B36C52B) (tstamp 5E175DE6)
    (at 46.8 50.125 90)
    (descr "Capacitor SMD 0805 (2012 Metric), square (rectangular) end terminal, IPC_7351 nominal with elongated pad for handsoldering. (Body size source: https://docs.google.com/spreadsheets/d/1BsfQQcO9C6DZCsRaXUlFlo91Tg2WpOkGARC1WS5S8t0/edit?usp=sharing), generated with kicad-footprint-generator")
    (tags "capacitor handsolder")
    (path /5DEA47F6/5E09277E)
    (attr smd)
